name: webscraping
channels:
  - conda-forge
dependencies:
  - beautifulsoup4=4.13.4=pyha770c72_0
  - brotli-python=1.1.0=py313h5813708_3
  - bzip2=1.0.8=h2466b09_7
  - ca-certificates=2025.8.3=h4c7d964_0
  - certifi=2025.8.3=pyhd8ed1ab_0
  - cffi=1.17.1=py313ha7868ed_0
  - charset-normalizer=3.4.2=pyhd8ed1ab_0
  - colorama=0.4.6=pyhd8ed1ab_1
  - et_xmlfile=2.0.0=pyhd8ed1ab_1
  - fake-useragent=2.2.0=py313hfa70ccb_0
  - h2=4.2.0=pyhd8ed1ab_0
  - hpack=4.1.0=pyhd8ed1ab_0
  - hyperframe=6.1.0=pyhd8ed1ab_0
  - idna=3.10=pyhd8ed1ab_1
  - intel-openmp=2024.2.1=h57928b3_1083
  - libblas=3.9.0=32_h641d27c_mkl
  - libcblas=3.9.0=32_h5e41251_mkl
  - libexpat=2.7.1=hac47afa_0
  - libffi=3.4.6=h537db12_1
  - libhwloc=2.12.1=default_h88281d1_1000
  - libiconv=1.18=h135ad9c_1
  - liblapack=3.9.0=32_h1aa476e_mkl
  - liblzma=5.8.1=h2466b09_2
  - libmpdec=4.0.0=h2466b09_0
  - libsqlite=3.50.4=hf5d6505_0
  - libwinpthread=12.0.0.r4.gg4f2fc60ca=h57928b3_9
  - libxml2=2.13.8=h741aa76_1
  - libxslt=1.1.43=h25c3957_0
  - libzlib=1.3.1=h2466b09_2
  - lxml=6.0.0=py313he881f1c_0
  - mkl=2024.2.2=h66d3029_15
  - numpy=2.3.2=py313hce7ae62_0
  - openpyxl=3.1.5=py313he57e174_1
  - openssl=3.5.2=h725018a_0
  - pandas=2.3.1=py313hc90dcd4_0
  - pip=25.2=pyh145f28c_0
  - pycparser=2.22=pyh29332c3_1
  - pysocks=1.7.1=pyh09c184e_7
  - python=3.13.5=h7de537c_102_cp313
  - python-dateutil=2.9.0.post0=pyhe01879c_2
  - python-tzdata=2025.2=pyhd8ed1ab_0
  - python_abi=3.13=8_cp313
  - pytz=2025.2=pyhd8ed1ab_0
  - requests=2.32.4=pyhd8ed1ab_0
  - six=1.17.0=pyhe01879c_1
  - soupsieve=2.7=pyhd8ed1ab_0
  - tbb=2021.13.0=h18a62a1_2
  - tk=8.6.13=h2c6b04d_2
  - tqdm=4.67.1=pyhd8ed1ab_1
  - typing-extensions=4.14.1=h4440ef1_0
  - typing_extensions=4.14.1=pyhe01879c_0
  - tzdata=2025b=h78e105d_0
  - ucrt=10.0.22621.0=h57928b3_1
  - urllib3=2.5.0=pyhd8ed1ab_0
  - vc=14.3=h41ae7f8_31
  - vc14_runtime=14.44.35208=h818238b_31
  - vcomp14=14.44.35208=h818238b_31
  - win_inet_pton=1.1.0=pyh7428d3b_8
  - zstandard=0.23.0=py313ha7868ed_2

prefix: "C:\\Users\\Fabio\\AppData\\Local\\mambaforge\\Library\\envs\\webscraping"
